243.350480 407.690015 -15.120400 3.046254 2.395866 2.013853 -0.865801 pipe
249.773432 416.462645 -15.593510 3.332079 2.985041 2.995174 -0.775018 pipe
248.141973 415.247718 -15.349490 3.473140 2.864798 2.992410 -0.865846 pipe
244.292976 412.195980 -15.403613 3.474356 3.169547 2.822334 -1.209343 pipe
245.012932 408.734500 -15.286933 2.905525 2.214729 2.208969 -0.854342 pipe
246.559946 410.182350 -15.495059 3.091526 2.634120 2.619963 -1.056386 pipe
248.192303 411.485541 -15.200084 3.108389 2.133140 2.502315 -0.753097 pipe
249.951036 412.883448 -15.332004 3.026867 2.055301 1.973244 -0.886094 pipe
251.504283 414.282838 -15.077217 2.674518 2.127082 2.036020 -0.893863 pipe
253.394565 415.719824 -15.476779 3.514140 2.681676 2.463304 -0.964554 pipe
246.506331 413.721598 -15.258046 2.999544 2.397417 2.413614 -0.906400 pipe
242.935550 414.603872 -15.238370 3.233660 2.689052 2.437902 -1.079594 pipe
244.459698 416.164229 -15.153134 3.048579 2.339275 2.449058 -0.998306 pipe
246.132313 417.620120 -15.390245 3.193842 2.563296 2.690784 -0.819711 pipe
248.034770 419.001700 -15.489808 3.374233 2.821989 3.023390 -0.708616 pipe
249.550490 420.115334 -15.506456 3.438799 2.792905 2.949903 -0.810702 pipe
253.508245 419.551840 -15.028922 3.038402 2.513381 2.451324 0.554800 pipe
256.490574 418.999398 -14.998719 3.104387 2.481960 2.306996 -0.976281 pipe
251.592586 417.874228 -15.413613 3.503255 3.275563 2.870051 -1.028505 pipe
247.835988 416.886942 -15.283493 26.158402 28.673567 9.303440 2.886660 scene
