16.554423 15.849150 0.166808 30.842622 20.163486 0.337186 0.866593 ground
21.715628 10.697521 0.841480 29.557723 2.534141 1.138987 0.743262 other
4.597066 16.111811 1.059350 1.747653 1.750788 1.811566 -0.687580 other
5.606661 16.888609 0.975451 1.789490 1.609044 1.647537 1.575281 other
6.602359 18.155635 1.033368 1.821117 1.674549 1.361715 -1.343804 other
7.325810 17.166978 0.933259 1.339994 1.172209 0.949093 0.659769 other
8.502104 18.464731 0.830314 1.237939 1.338960 1.212542 -1.909879 other
7.347076 19.141568 0.756982 1.556969 1.660967 0.925954 -1.698421 other
8.739766 20.570497 0.796023 1.095358 0.924947 0.781262 -1.722926 other
3.097339 14.110599 0.905992 6.377456 2.126666 1.229307 1.304306 other
9.678114 11.491009 0.365352 0.390646 0.169142 0.105329 -0.751786 other
30.747221 17.858008 0.367756 6.273191 1.222684 0.221250 0.779105 other
16.041608 14.418824 1.227686 0.818589 0.240282 0.059507 -0.595905 other
25.078006 12.171292 0.573137 2.526041 0.721224 0.276080 0.894439 other
17.197636 18.498879 0.737449 32.249701 27.705224 1.921865 -0.019139 other
22.982344 16.583830 1.152820 1.875634 0.284655 0.207552 0.638197 other
19.654311 13.116577 0.888879 29.531349 1.193505 0.761206 0.738319 other
3.874345 12.788785 1.003986 2.721791 1.812495 1.916159 0.717874 other
2.241883 11.588869 0.513732 1.226535 1.042134 0.462838 -1.253784 other
1.029850 13.949471 1.851216 4.057677 2.300144 3.328963 1.375062 other
2.017808 13.063686 0.910295 1.657344 1.644665 1.213871 -0.909814 other
2.896931 13.870702 0.769838 1.599801 1.754185 1.055069 0.113501 other
3.720974 14.985948 1.013837 1.860991 1.676416 1.893896 -0.827253 other
13.088699 9.907491 1.195135 2.833672 2.370462 2.281355 0.602115 pipe
23.641078 21.259454 1.220222 2.992890 2.456511 1.951314 0.895404 pipe
25.201502 19.724473 1.174527 2.998622 2.171241 2.070248 0.709133 pipe
27.208741 21.452992 1.505168 3.238092 2.273939 1.791385 0.203936 pipe
24.539828 24.895970 1.269808 2.817656 2.057856 1.888419 0.791237 pipe
25.947828 23.541588 1.183067 2.854773 2.234313 1.882829 0.721300 pipe
15.259939 12.042411 1.178640 2.914246 2.525670 2.422305 0.688315 pipe
11.360926 11.819863 1.298851 3.255999 2.848405 2.231586 0.940078 pipe
13.731832 13.835018 1.213269 3.124718 2.534859 2.680529 0.729444 pipe
17.876928 14.315159 1.332044 3.014005 2.686212 2.075934 0.878303 pipe
15.948285 15.931659 1.336536 3.151637 2.642263 2.258831 0.787167 pipe
20.279471 16.133427 1.175084 3.004204 2.316836 2.326928 0.727618 pipe
18.862188 17.919835 1.357693 2.953442 2.543935 2.238481 0.648356 pipe
22.470930 17.840828 1.304119 3.122529 2.539855 2.090944 0.859413 pipe
