14.210586 23.803291 1.085156 2.901491 2.410212 2.368756 -0.745976 pipe
25.377512 32.967090 0.892294 3.189995 2.652525 2.635098 -1.150327 pipe
25.260190 36.431058 0.882826 2.987404 2.540663 2.561765 -0.951029 pipe
27.161160 34.212620 0.641774 3.287828 2.890711 3.164666 -0.953914 pipe
29.162235 35.856491 0.914689 2.925527 2.783012 3.054834 -0.899246 pipe
30.809955 37.411026 0.920853 3.652638 3.067933 2.897560 -0.668856 pipe
32.591608 38.754602 0.973451 2.923221 2.698340 2.575332 -0.735496 pipe
34.252159 40.125062 1.054800 3.366515 2.577716 2.568296 -0.693068 pipe
35.825195 41.706292 0.902875 3.095704 3.033443 2.728716 -0.964811 pipe
27.155236 38.116434 0.796548 3.192900 2.799243 2.700490 -0.782386 pipe
29.369188 40.321774 0.981946 3.070893 2.631645 2.878497 -0.692857 pipe
15.826737 25.287866 1.030079 2.822571 2.149131 2.344888 -0.764384 pipe
31.440270 42.163003 0.864408 3.214056 3.399237 2.918965 -0.595299 pipe
33.612133 43.938501 0.836623 3.052810 2.844505 2.890442 -0.715804 pipe
16.579623 29.270089 0.918084 3.136468 2.479057 2.751450 -0.710824 pipe
18.244273 30.852772 0.990583 3.033820 2.316979 2.557532 -0.725629 pipe
19.854056 32.280612 1.021304 2.852606 2.081120 2.168908 -0.803501 pipe
21.599192 33.529219 1.003958 2.939499 2.088633 2.540867 -0.999275 pipe
23.361863 35.005857 1.007775 2.790788 2.453474 2.528042 -1.072675 pipe
