205.483340 325.520736 -2.841782 3.296720 2.751261 2.529082 -0.871734 pipe
218.595187 335.792344 -2.946181 3.296826 3.647259 2.642400 -1.103835 pipe
216.449558 337.927869 -2.631639 3.060167 2.406204 2.379366 -1.029469 pipe
220.414516 337.468650 -2.783960 2.994981 2.811667 2.862514 -0.798292 pipe
218.769175 339.999627 -2.547063 3.149324 2.664611 2.792358 -0.881962 pipe
222.134551 339.048635 -2.618106 3.550474 2.871725 2.387876 -0.693353 pipe
220.727539 341.939692 -2.645445 3.126832 2.871845 3.076756 -0.928888 pipe
223.937637 340.307729 -2.544759 3.271925 2.626885 2.974404 -0.558217 pipe
225.653530 341.813829 -2.814494 2.932700 3.086992 2.528493 -0.832119 pipe
222.800151 343.751221 -2.725492 3.675092 3.722354 2.519003 -1.169966 pipe
224.832295 345.433645 -2.739432 3.185481 3.135970 2.691235 -0.999417 pipe
207.149206 326.970955 -2.725107 3.062381 2.433036 2.670778 -0.817305 pipe
227.278946 343.456035 -2.917265 3.058142 3.342716 2.413219 -0.911801 pipe
209.121282 328.002581 -2.558459 2.984344 2.433786 2.359907 -0.955620 pipe
207.801193 330.764499 -2.631711 2.955774 2.336474 2.891615 -0.719475 pipe
209.477328 332.397216 -2.689860 3.031150 2.313137 2.486226 -0.727438 pipe
212.973574 335.221382 -2.680491 3.079935 2.381557 2.420931 -0.905930 pipe
216.857352 334.472067 -2.889944 3.127977 3.475200 2.881579 -1.148435 pipe
211.055150 333.837358 -2.648134 2.921866 2.132763 2.406566 -0.877848 pipe
